size 301
143 148 0 0 0
151 152 0 0 0
146 157 0 0 0
150 144 0 0 0
139 153 178 178 178
147 152 0 0 0
160 152 0 0 0
144 146 0 0 0
144 144 0 0 0
151 151 0 0 0
145 144 0 0 0
143 144 0 0 0
139 156 229 229 229
140 145 25 25 25
149 152 0 0 0
141 148 0 0 0
140 154 0 0 0
149 161 102 102 102
160 154 0 0 0
159 141 153 153 153
152 139 127 127 127
149 151 0 0 0
153 142 0 0 0
141 150 0 0 0
141 144 0 0 0
156 154 0 0 0
141 143 0 0 0
141 156 0 0 0
141 155 0 0 0
142 149 0 0 0
142 151 0 0 0
143 140 153 153 153
143 146 0 0 0
144 157 0 0 0
147 140 0 0 0
153 139 127 127 127
153 141 0 0 0
153 144 0 0 0
154 140 0 0 0
146 158 0 0 0
147 148 0 0 0
145 160 0 0 0
156 150 0 0 0
158 160 0 0 0
158 152 0 0 0
154 146 0 0 0
158 155 0 0 0
157 143 0 0 0
140 143 127 127 127
153 147 0 0 0
154 150 0 0 0
146 149 0 0 0
144 160 0 0 0
160 159 229 229 229
154 149 0 0 0
145 146 0 0 0
147 151 0 0 0
150 158 0 0 0
159 150 0 0 0
161 148 102 102 102
149 155 0 0 0
157 158 0 0 0
161 154 102 102 102
146 159 0 0 0
158 148 0 0 0
152 149 0 0 0
155 145 0 0 0
155 149 0 0 0
142 141 0 0 0
150 142 0 0 0
160 142 204 204 204
160 145 0 0 0
151 146 0 0 0
151 161 76 76 76
148 160 0 0 0
149 160 0 0 0
142 144 0 0 0
140 153 0 0 0
145 159 0 0 0
157 157 0 0 0
143 150 0 0 0
151 145 0 0 0
142 152 0 0 0
143 160 0 0 0
145 140 0 0 0
149 140 0 0 0
146 143 0 0 0
151 153 0 0 0
140 152 0 0 0
148 140 0 0 0
144 151 0 0 0
150 155 0 0 0
147 139 153 153 153
149 158 0 0 0
150 149 0 0 0
156 140 0 0 0
156 149 0 0 0
154 141 0 0 0
159 151 0 0 0
159 159 0 0 0
141 147 0 0 0
158 147 0 0 0
152 158 0 0 0
152 152 0 0 0
160 143 25 25 25
145 142 0 0 0
161 145 153 153 153
145 157 0 0 0
155 157 0 0 0
155 144 0 0 0
156 142 0 0 0
148 152 0 0 0
156 158 0 0 0
157 161 153 153 153
157 145 0 0 0
146 150 0 0 0
150 141 0 0 0
158 153 0 0 0
159 145 0 0 0
158 151 0 0 0
155 151 0 0 0
159 142 0 0 0
159 144 0 0 0
144 149 0 0 0
159 143 0 0 0
155 142 0 0 0
147 143 0 0 0
152 153 0 0 0
152 151 0 0 0
160 158 0 0 0
159 158 0 0 0
143 156 0 0 0
145 145 0 0 0
149 144 0 0 0
149 148 0 0 0
142 150 0 0 0
146 151 0 0 0
147 147 0 0 0
151 158 0 0 0
139 154 178 178 178
145 156 0 0 0
151 143 0 0 0
151 154 0 0 0
153 151 0 0 0
150 146 0 0 0
157 154 0 0 0
154 155 0 0 0
139 146 229 229 229
139 147 204 204 204
139 148 204 204 204
139 149 204 204 204
139 150 178 178 178
139 151 178 178 178
151 149 0 0 0
139 152 153 153 153
139 155 204 204 204
140 144 76 76 76
140 146 0 0 0
140 147 0 0 0
140 148 0 0 0
140 149 0 0 0
140 150 0 0 0
140 151 0 0 0
140 155 0 0 0
140 156 0 0 0
140 157 51 51 51
140 158 204 204 204
141 142 0 0 0
141 145 0 0 0
141 146 0 0 0
141 149 0 0 0
141 151 0 0 0
141 152 0 0 0
141 153 0 0 0
141 154 0 0 0
141 157 0 0 0
141 158 0 0 0
141 159 102 102 102
157 151 0 0 0
142 140 229 229 229
142 142 0 0 0
142 143 0 0 0
142 145 0 0 0
142 146 0 0 0
142 147 0 0 0
142 148 0 0 0
142 153 0 0 0
142 154 0 0 0
142 155 0 0 0
142 156 0 0 0
142 157 0 0 0
142 158 0 0 0
142 159 0 0 0
142 160 127 127 127
143 141 0 0 0
143 142 0 0 0
143 143 0 0 0
143 145 0 0 0
143 147 0 0 0
143 149 0 0 0
143 151 0 0 0
143 152 0 0 0
143 153 0 0 0
143 154 0 0 0
143 155 0 0 0
143 157 0 0 0
143 158 0 0 0
143 159 0 0 0
143 161 229 229 229
155 139 204 204 204
144 140 25 25 25
144 141 0 0 0
144 142 0 0 0
144 143 0 0 0
144 145 0 0 0
144 147 0 0 0
144 148 0 0 0
144 150 0 0 0
144 152 0 0 0
144 153 0 0 0
144 154 0 0 0
144 155 0 0 0
144 156 0 0 0
144 158 0 0 0
144 159 0 0 0
144 161 178 178 178
145 139 204 204 204
145 141 0 0 0
145 143 0 0 0
145 147 0 0 0
145 148 0 0 0
145 149 0 0 0
145 150 0 0 0
145 151 0 0 0
145 152 0 0 0
145 153 0 0 0
145 154 0 0 0
145 155 0 0 0
145 158 0 0 0
145 161 153 153 153
146 139 204 204 204
146 140 0 0 0
146 141 0 0 0
146 142 0 0 0
146 144 0 0 0
146 145 0 0 0
146 146 0 0 0
146 147 0 0 0
146 148 0 0 0
146 152 0 0 0
146 153 0 0 0
146 154 0 0 0
146 155 0 0 0
146 156 0 0 0
146 160 0 0 0
146 161 102 102 102
147 141 0 0 0
147 142 0 0 0
147 144 0 0 0
147 145 0 0 0
147 146 0 0 0
147 149 0 0 0
147 150 0 0 0
147 153 0 0 0
147 154 0 0 0
147 155 0 0 0
147 156 0 0 0
147 157 0 0 0
147 158 0 0 0
147 159 0 0 0
147 160 0 0 0
147 161 76 76 76
148 139 127 127 127
148 141 0 0 0
148 142 0 0 0
148 143 0 0 0
148 144 0 0 0
148 145 0 0 0
148 146 0 0 0
148 147 0 0 0
148 148 0 0 0
148 149 0 0 0
148 150 0 0 0
148 151 0 0 0
148 153 0 0 0
148 154 0 0 0
148 155 0 0 0
148 156 0 0 0
148 157 0 0 0
148 158 0 0 0
148 159 0 0 0
148 161 76 76 76
155 146 0 0 0
149 139 127 127 127
149 141 0 0 0
149 142 0 0 0
149 143 0 0 0
149 145 0 0 0
149 146 0 0 0
149 147 0 0 0
149 149 0 0 0
149 150 0 0 0
149 153 0 0 0
149 154 0 0 0
149 156 0 0 0
149 157 0 0 0
149 159 0 0 0
150 139 127 127 127
150 140 0 0 0
150 143 0 0 0
150 145 0 0 0
150 147 0 0 0
150 148 0 0 0
150 150 0 0 0
150 151 0 0 0
150 152 0 0 0
150 153 0 0 0
150 154 0 0 0
150 156 0 0 0
150 157 0 0 0
150 159 0 0 0
150 160 0 0 0
150 161 51 51 51
151 139 127 127 127
151 140 0 0 0
151 141 0 0 0
151 142 0 0 0
151 144 0 0 0
151 147 0 0 0
151 148 0 0 0
151 150 0 0 0
151 155 0 0 0
151 156 0 0 0
151 157 0 0 0
151 159 0 0 0
151 160 0 0 0
152 140 0 0 0
152 141 0 0 0
152 142 0 0 0
152 143 0 0 0
156 159 0 0 0
152 144 0 0 0
152 145 0 0 0
152 146 0 0 0
152 147 0 0 0
152 148 0 0 0
152 150 0 0 0
152 154 0 0 0
152 155 0 0 0
152 156 0 0 0
152 157 0 0 0
152 159 0 0 0
152 160 0 0 0
152 161 51 51 51
153 140 0 0 0
153 143 0 0 0
153 145 0 0 0
153 146 0 0 0
153 148 0 0 0
153 149 0 0 0
153 150 0 0 0
153 152 0 0 0
153 153 0 0 0
153 154 0 0 0
153 155 0 0 0
153 156 0 0 0
153 157 0 0 0
153 158 0 0 0
153 159 0 0 0
153 160 0 0 0
153 161 25 25 25
158 149 0 0 0
154 139 153 153 153
154 142 0 0 0
154 143 0 0 0
154 144 0 0 0
154 145 0 0 0
154 147 0 0 0
154 148 0 0 0
154 151 0 0 0
154 152 0 0 0
154 153 0 0 0
154 154 0 0 0
154 156 0 0 0
154 157 0 0 0
154 158 0 0 0
154 159 0 0 0
154 160 0 0 0
154 161 25 25 25
155 140 0 0 0
155 141 0 0 0
155 143 0 0 0
155 147 0 0 0
155 148 0 0 0
155 150 0 0 0
155 152 0 0 0
155 153 0 0 0
155 154 0 0 0
155 155 0 0 0
155 156 0 0 0
155 158 0 0 0
155 159 0 0 0
155 160 0 0 0
155 161 25 25 25
161 144 204 204 204
156 139 229 229 229
156 141 0 0 0
156 143 0 0 0
156 144 0 0 0
156 145 0 0 0
156 146 0 0 0
156 147 0 0 0
156 148 0 0 0
156 151 0 0 0
156 152 0 0 0
156 153 0 0 0
156 155 0 0 0
156 156 0 0 0
156 157 0 0 0
156 160 0 0 0
156 161 76 76 76
160 150 0 0 0
157 140 76 76 76
157 141 0 0 0
157 142 0 0 0
157 144 0 0 0
157 146 0 0 0
157 147 0 0 0
157 148 0 0 0
157 149 0 0 0
157 150 0 0 0
157 152 0 0 0
157 153 0 0 0
157 155 0 0 0
157 156 0 0 0
157 159 0 0 0
157 160 0 0 0
158 140 204 204 204
158 141 0 0 0
158 142 0 0 0
158 143 0 0 0
158 144 0 0 0
158 145 0 0 0
158 146 0 0 0
158 150 0 0 0
158 154 0 0 0
158 156 0 0 0
158 157 0 0 0
158 158 0 0 0
158 159 0 0 0
158 161 229 229 229
159 146 0 0 0
159 147 0 0 0
159 148 0 0 0
159 149 0 0 0
159 152 0 0 0
159 153 0 0 0
159 154 0 0 0
159 155 0 0 0
159 156 0 0 0
159 157 0 0 0
159 160 178 178 178
160 144 0 0 0
160 146 0 0 0
160 147 0 0 0
160 148 0 0 0
160 149 0 0 0
160 151 0 0 0
160 153 0 0 0
160 155 0 0 0
160 156 0 0 0
160 157 0 0 0
161 146 102 102 102
161 147 76 76 76
161 149 76 76 76
161 150 76 76 76
161 151 76 76 76
161 152 102 102 102
161 153 76 76 76
161 155 102 102 102
161 156 102 102 102
161 157 127 127 127
